%YAML:1.0
---
R: !!opencv-matrix
   rows: 3
   cols: 3
   dt: d
   data: [ 9.9987491273923146e-01, 5.8514824108871931e-03,
       1.4694183485631038e-02, -5.6057241453420425e-03,
       9.9984465170471615e-01, -1.6710724528913659e-02,
       -1.4789683279930081e-02, 1.6626262690995389e-02,
       9.9975238567227698e-01 ]
T: !!opencv-matrix
   rows: 3
   cols: 1
   dt: d
   data: [ 7.3004321305783497e+00, 2.7186458989615820e-02,
       -3.4371795034198255e-01 ]
R1: !!opencv-matrix
   rows: 3
   cols: 3
   dt: d
   data: [ 9.9943632783290359e-01, 8.7822712110440047e-03,
       -3.2402134501550710e-02, -9.0545975331272864e-03,
       9.9992482903290902e-01, -8.2674389638418382e-03,
       3.2327091910563217e-02, 8.5561671257305578e-03,
       9.9944071916883714e-01 ]
R2: !!opencv-matrix
   rows: 3
   cols: 3
   dt: d
   data: [ 9.9888657747616960e-01, 3.7198056893218926e-03,
       -4.7029441667726185e-02, -3.3239056341199096e-03,
       9.9995840488640897e-01, 8.4935356809914455e-03,
       4.7059079775106510e-02, -8.3277573609283947e-03,
       9.9885739295860332e-01 ]
P1: !!opencv-matrix
   rows: 3
   cols: 4
   dt: d
   data: [ -2.7690045274979151e+04, 0., -1.2561433349609375e+04, 0., 0.,
       -2.7690045274979151e+04, 2.2262522983551025e+03, 0., 0., 0., 1.,
       0. ]
P2: !!opencv-matrix
   rows: 3
   cols: 4
   dt: d
   data: [ -2.7690045274979151e+04, 0., -1.2561433349609375e+04,
       -2.0237462468800638e+05, 0., -2.7690045274979151e+04,
       2.2262522983551025e+03, 0., 0., 0., 1., 0. ]
Q: !!opencv-matrix
   rows: 4
   cols: 4
   dt: d
   data: [ 1., 0., 0., 1.2561433349609375e+04, 0., 1., 0.,
       -2.2262522983551025e+03, 0., 0., 0., -2.7690045274979151e+04, 0.,
       0., -1.3682567820776884e-01, 0. ]
