%YAML:1.0
---
M1: !!opencv-matrix
   rows: 3
   cols: 3
   dt: d
   data: [ 8.1082129124203800e+02, 0., 3.2027650451795114e+02, 0.,
       8.2177100451516162e+02, 2.4022272648498733e+02, 0., 0., 1. ]
D1: !!opencv-matrix
   rows: 1
   cols: 14
   dt: d
   data: [ 1.9893938867306130e-01, 1.0584190304939219e-01, 0., 0., 0.,
       0., 0., 3.7038777193023563e+01, 0., 0., 0., 0., 0., 0. ]
M2: !!opencv-matrix
   rows: 3
   cols: 3
   dt: d
   data: [ 8.1082129124203800e+02, 0., 3.2032971968026703e+02, 0.,
       8.2177100451516162e+02, 2.3877613016401517e+02, 0., 0., 1. ]
D2: !!opencv-matrix
   rows: 1
   cols: 14
   dt: d
   data: [ -9.2614815517682886e-02, 7.3941659866337339e-01, 0., 0., 0.,
       0., 0., 1.9898451127333865e+00, 0., 0., 0., 0., 0., 0. ]
