%YAML:1.0
---
R: !!opencv-matrix
   rows: 3
   cols: 3
   dt: d
   data: [ 9.9962322790537983e-01, 1.1415070295079531e-02,
       2.4961939071061544e-02, -1.0993067578613411e-02,
       9.9979542528266807e-01, -1.6978222788645039e-02,
       -2.5150640096049937e-02, 1.6697417584980619e-02,
       9.9954421690526118e-01 ]
T: !!opencv-matrix
   rows: 3
   cols: 1
   dt: d
   data: [ -8.0977972001383165e+00, 8.6919480548698969e-02,
       2.3070953629346930e-01 ]
R1: !!opencv-matrix
   rows: 3
   cols: 3
   dt: d
   data: [ 9.9999442829837870e-01, 2.0773456033719003e-04,
       -3.3316990487340398e-03, -2.3581712749026293e-04,
       9.9996443299231119e-01, -8.4307259858169385e-03,
       3.3298291970123798e-03, 8.4314646840266440e-03,
       9.9995891047622587e-01 ]
R2: !!opencv-matrix
   rows: 3
   cols: 3
   dt: d
   data: [ 9.9953686393897179e-01, -1.0728747936706435e-02,
       -2.8477211850112698e-02, 1.0968488748624286e-02,
       9.9990559664876577e-01, 8.2758712560633951e-03,
       2.8385733769217315e-02, -8.5843903794184228e-03,
       9.9956018246036438e-01 ]
P1: !!opencv-matrix
   rows: 3
   cols: 4
   dt: d
   data: [ 4.6244839676778611e+02, 0., 3.3231134414672852e+02, 0., 0.,
       4.6244839676778611e+02, 2.4667415618896484e+02, 0., 0., 0., 1.,
       0. ]
P2: !!opencv-matrix
   rows: 3
   cols: 4
   dt: d
   data: [ 4.6244839676778611e+02, 0., 3.3231134414672852e+02,
       -3.7465484942667194e+03, 0., 4.6244839676778611e+02,
       2.4667415618896484e+02, 0., 0., 0., 1., 0. ]
Q: !!opencv-matrix
   rows: 4
   cols: 4
   dt: d
   data: [ 1., 0., 0., -3.3231134414672852e+02, 0., 1., 0.,
       -2.4667415618896484e+02, 0., 0., 0., 4.6244839676778611e+02, 0.,
       0., 1.2343318055951050e-01, 0. ]
