%YAML:1.0
---
M1: !!opencv-matrix
   rows: 3
   cols: 3
   dt: d
   data: [ 4.9271913235381635e+02, 0., 3.1822792525557384e+02, 0.,
       4.9484466451868218e+02, 2.4348217423749185e+02, 0., 0., 1. ]
D1: !!opencv-matrix
   rows: 1
   cols: 14
   dt: d
   data: [ 2.0142751751085930e-01, -5.6674565379214248e-01, 0., 0., 0.,
       0., 0., -5.1339824067098339e-01, 0., 0., 0., 0., 0., 0. ]
M2: !!opencv-matrix
   rows: 3
   cols: 3
   dt: d
   data: [ 4.9271913235381635e+02, 0., 3.2265555294381807e+02, 0.,
       4.9484466451868218e+02, 2.4831306795232152e+02, 0., 0., 1. ]
D2: !!opencv-matrix
   rows: 1
   cols: 14
   dt: d
   data: [ 2.1333598593868222e-01, -4.4057025529223109e-01, 0., 0., 0.,
       0., 0., -1.2097179113754328e-01, 0., 0., 0., 0., 0., 0. ]
