%YAML:1.0
---
R: !!opencv-matrix
   rows: 3
   cols: 3
   dt: d
   data: [ 9.9986239773781993e-01, 6.5175457257923113e-03,
       1.5254743121069477e-02, -7.4123239731922162e-03,
       9.9820948473488202e-01, 5.9353871302869884e-02,
       -1.4840587700426492e-02, -5.9458777174050653e-02,
       9.9812043901208258e-01 ]
T: !!opencv-matrix
   rows: 3
   cols: 1
   dt: d
   data: [ -7.0005730883295678e+00, -3.3534298008242425e-02,
       -1.8864013663302479e-01 ]
R1: !!opencv-matrix
   rows: 3
   cols: 3
   dt: d
   data: [ 9.9905288869445574e-01, 9.6933617491665406e-03,
       4.2418914758197541e-02, -1.0951143829112281e-02,
       9.9950419127913015e-01, 2.9520231440252061e-02,
       -4.2111732808061110e-02, -2.9956808131904593e-02,
       9.9866370295833362e-01 ]
R2: !!opencv-matrix
   rows: 3
   cols: 3
   dt: d
   data: [ 9.9962568333348145e-01, 4.7884287669933811e-03,
       2.6936298372523738e-02, -3.9849991096700590e-03,
       9.9954787721076965e-01, -2.9802029218492419e-02,
       -2.7066824752196621e-02, 2.9683532697227552e-02,
       9.9919281166571972e-01 ]
P1: !!opencv-matrix
   rows: 3
   cols: 4
   dt: d
   data: [ 1.3081554583473869e+03, 0., 5.8898437500000000e+02, 0., 0.,
       1.3081554583473869e+03, 4.7728042602539062e+02, 0., 0., 0., 1.,
       0. ]
P2: !!opencv-matrix
   rows: 3
   cols: 4
   dt: d
   data: [ 1.3081554583473869e+03, 0., 5.8898437500000000e+02,
       -9.1612671120246068e+03, 0., 1.3081554583473869e+03,
       4.7728042602539062e+02, 0., 0., 0., 1., 0. ]
Q: !!opencv-matrix
   rows: 4
   cols: 4
   dt: d
   data: [ 1., 0., 0., -5.8898437500000000e+02, 0., 1., 0.,
       -4.7728042602539062e+02, 0., 0., 0., 1.3081554583473869e+03, 0.,
       0., 1.4279197870241875e-01, 0. ]
