%YAML:1.0
---
M1: !!opencv-matrix
   rows: 3
   cols: 3
   dt: d
   data: [ 1.4333956865572900e+03, 0., 6.4753643213604767e+02, 0.,
       1.4317112632235110e+03, 4.8549938205167399e+02, 0., 0., 1. ]
D1: !!opencv-matrix
   rows: 1
   cols: 14
   dt: d
   data: [ 4.0536293615422478e-02, 6.7574776703123307e-01, 0., 0., 0.,
       0., 0., 2.6895425353499216e+00, 0., 0., 0., 0., 0., 0. ]
M2: !!opencv-matrix
   rows: 3
   cols: 3
   dt: d
   data: [ 1.4333956865572900e+03, 0., 6.4777860525512824e+02, 0.,
       1.4317112632235110e+03, 4.6885389379995701e+02, 0., 0., 1. ]
D2: !!opencv-matrix
   rows: 1
   cols: 14
   dt: d
   data: [ 2.7589060427771216e-02, 7.0419264383151181e-01, 0., 0., 0.,
       0., 0., 2.4067829460048435e+00, 0., 0., 0., 0., 0., 0. ]
