%YAML:1.0
M1: !!opencv-matrix
   rows: 3
   cols: 3
   dt: d
   data: [ 3.1805933881409590e+02, 0., 1.6149119410713476e+02, 0.,
       3.1798445238217954e+02, 1.1705570115984303e+02, 0., 0., 1. ]
D1: !!opencv-matrix
   rows: 1
   cols: 14
   dt: d
   data: [ 2.0295338541496833e-02, 5.7821903007184150e-01, 0., 0., 0.,
       0., 0., 1.3642252960853232e+00, 0., 0., 0., 0., 0., 0. ]
M2: !!opencv-matrix
   rows: 3
   cols: 3
   dt: d
   data: [ 3.1805933881409590e+02, 0., 1.6169583267904355e+02, 0.,
       3.1798445238217954e+02, 1.2653589675888830e+02, 0., 0., 1. ]
D2: !!opencv-matrix
   rows: 1
   cols: 14
   dt: d
   data: [ 1.6384504645722714e-01, -4.0312895675190669e-01, 0., 0., 0.,
       0., 0., -1.0841825084773064e-01, 0., 0., 0., 0., 0., 0. ]
