%YAML:1.0
---
R: !!opencv-matrix
   rows: 3
   cols: 3
   dt: d
   data: [ 9.9993722589218170e-01, 2.5875661665924307e-03,
       1.0901778587991124e-02, -3.0532891149099698e-03,
       9.9907375336264870e-01, 4.2922171047724444e-02,
       -1.0780616894633067e-02, -4.2952762928627167e-02,
       9.9901893798674724e-01 ]
T: !!opencv-matrix
   rows: 3
   cols: 1
   dt: d
   data: [ -8.3692061895519529e+00, -2.1905245614170007e-01,
       -3.3480072500513147e-01 ]
R1: !!opencv-matrix
   rows: 3
   cols: 3
   dt: d
   data: [ 9.9828596881004961e-01, 2.6987848757263427e-02,
       5.1930535298953549e-02, -2.8094826194005332e-02,
       9.9939078971494721e-01, 2.0705800493167829e-02,
       -5.1340093670633448e-02, -2.2129289468695402e-02,
       9.9843602165061196e-01 ]
R2: !!opencv-matrix
   rows: 3
   cols: 3
   dt: d
   data: [ 9.9885927034114830e-01, 2.6143766989669172e-02,
       3.9958246972790795e-02, -2.5281342719222590e-02,
       9.9943962689402510e-01, -2.1938229286910495e-02,
       -4.0509403400468269e-02, 2.0903005561921765e-02,
       9.9896048600263287e-01 ]
P1: !!opencv-matrix
   rows: 3
   cols: 4
   dt: d
   data: [ 1.2233565886453341e+03, 0., 5.6558882141113281e+02, 0., 0.,
       1.2233565886453341e+03, 4.8150120162963867e+02, 0., 0., 0., 1.,
       0. ]
P2: !!opencv-matrix
   rows: 3
   cols: 4
   dt: d
   data: [ 1.2233565886453341e+03, 0., 5.6558882141113281e+02,
       -1.0250216259416451e+04, 0., 1.2233565886453341e+03,
       4.8150120162963867e+02, 0., 0., 0., 1., 0. ]
Q: !!opencv-matrix
   rows: 4
   cols: 4
   dt: d
   data: [ 1., 0., 0., -5.6558882141113281e+02, 0., 1., 0.,
       -4.8150120162963867e+02, 0., 0., 0., 1.2233565886453341e+03, 0.,
       0., 1.1934934421715122e-01, 0. ]
