%YAML:1.0
---
M1: !!opencv-matrix
   rows: 3
   cols: 3
   dt: d
   data: [ 1.3450123415979224e+03, 0., 6.3670961991034676e+02, 0.,
       1.3662197021161469e+03, 4.7951985165938146e+02, 0., 0., 1. ]
D1: !!opencv-matrix
   rows: 1
   cols: 14
   dt: d
   data: [ 8.2906540725501562e-02, -5.6304248025568715e-02, 0., 0., 0.,
       0., 0., 1.0990738898609234e+00, 0., 0., 0., 0., 0., 0. ]
M2: !!opencv-matrix
   rows: 3
   cols: 3
   dt: d
   data: [ 1.3450123415979224e+03, 0., 6.5253138594425116e+02, 0.,
       1.3662197021161469e+03, 4.8300311174876100e+02, 0., 0., 1. ]
D2: !!opencv-matrix
   rows: 1
   cols: 14
   dt: d
   data: [ 1.0188118958319577e-01, -1.0784405285418808e-01, 0., 0., 0.,
       0., 0., -2.8236372413054744e+00, 0., 0., 0., 0., 0., 0. ]
