%YAML:1.0
---
R: !!opencv-matrix
   rows: 3
   cols: 3
   dt: d
   data: [ 9.9980418904828083e-01, 1.4176154370535902e-02,
       1.3806527759439389e-02, -1.4687409897395134e-02,
       9.9918263308516819e-01, 3.7660931102353211e-02,
       -1.3261355587395055e-02, -3.7856338812054073e-02,
       9.9919519317285133e-01 ]
T: !!opencv-matrix
   rows: 3
   cols: 1
   dt: d
   data: [ -1.1280888958715270e+01, 1.5357935870067449e-01,
       -1.6366637670949064e-01 ]
R1: !!opencv-matrix
   rows: 3
   cols: 3
   dt: d
   data: [ 9.9961392430720697e-01, 2.3928262635788543e-05,
       2.7784919625288132e-02, -5.5137536374815193e-04,
       9.9981979299535362e-01, 1.8975708680743587e-02,
       -2.7779458532407101e-02, -1.8983702541033539e-02,
       9.9943380006955918e-01 ]
R2: !!opencv-matrix
   rows: 3
   cols: 3
   dt: d
   data: [ 9.9980214142818202e-01, -1.3611424797286345e-02,
       1.4505416595514513e-02, 1.3884320978462344e-02,
       9.9972531450898361e-01, -1.8881767949023534e-02,
       -1.4244424403556626e-02, 1.9079429889322177e-02,
       9.9971649567690424e-01 ]
P1: !!opencv-matrix
   rows: 3
   cols: 4
   dt: d
   data: [ 1.2494984897972754e+03, 0., 6.0533707427978516e+02, 0., 0.,
       1.2494984897972754e+03, 4.8051995849609375e+02, 0., 0., 0., 1.,
       0. ]
P2: !!opencv-matrix
   rows: 3
   cols: 4
   dt: d
   data: [ 1.2494984897972754e+03, 0., 6.0533707427978516e+02,
       -1.4098243175745387e+04, 0., 1.2494984897972754e+03,
       4.8051995849609375e+02, 0., 0., 0., 1., 0. ]
Q: !!opencv-matrix
   rows: 4
   cols: 4
   dt: d
   data: [ 1., 0., 0., -6.0533707427978516e+02, 0., 1., 0.,
       -4.8051995849609375e+02, 0., 0., 0., 1.2494984897972754e+03, 0.,
       0., 8.8627956988776610e-02, 0. ]
