%YAML:1.0
---
M1: !!opencv-matrix
   rows: 3
   cols: 3
   dt: d
   data: [ 1.3672557817537563e+03, 0., 6.3760770821883739e+02, 0.,
       1.3911117998081891e+03, 4.7825750051545498e+02, 0., 0., 1. ]
D1: !!opencv-matrix
   rows: 1
   cols: 14
   dt: d
   data: [ 7.2790756853195027e-02, 6.6417489043263300e-01, 0., 0., 0.,
       0., 0., 3.1236629172207242e+00, 0., 0., 0., 0., 0., 0. ]
M2: !!opencv-matrix
   rows: 3
   cols: 3
   dt: d
   data: [ 1.3672557817537563e+03, 0., 6.4623746813665969e+02, 0.,
       1.3911117998081891e+03, 4.8368417323002944e+02, 0., 0., 1. ]
D2: !!opencv-matrix
   rows: 1
   cols: 14
   dt: d
   data: [ 1.1323926418820919e-01, 1.7521556625361485e-02, 0., 0., 0.,
       0., 0., 5.2243085881070273e-01, 0., 0., 0., 0., 0., 0. ]
