%YAML:1.0
---
R: !!opencv-matrix
   rows: 3
   cols: 3
   dt: d
   data: [ 9.9928455675012695e-01, 1.8165158879938142e-03,
       3.7776645043345505e-02, -1.3240226286522600e-04,
       9.9900778865162598e-01, -4.4535611402888128e-02,
       -3.7820062273124858e-02, 4.4498746987043772e-02,
       9.9829329578347870e-01 ]
T: !!opencv-matrix
   rows: 3
   cols: 1
   dt: d
   data: [ 7.3110730508979520e+00, 4.3309360108316913e-01,
       1.2959981103058585e-02 ]
R1: !!opencv-matrix
   rows: 3
   cols: 3
   dt: d
   data: [ 9.9745952503477631e-01, 6.0967680810091067e-02,
       3.6843422941377213e-02, -6.0110503970885555e-02,
       9.9790454185650368e-01, -2.3942695222714097e-02,
       -3.8225949690812153e-02, 2.1667192683882140e-02,
       9.9903418836966495e-01 ]
R2: !!opencv-matrix
   rows: 3
   cols: 3
   dt: d
   data: [ 9.9824846902205255e-01, 5.9134277720206754e-02,
       1.7695461671106173e-03, -5.9159263560399071e-02,
       9.9798867098260391e-01, 2.2777052604919284e-02,
       -4.1908247317003211e-04, -2.2841842939777823e-02,
       9.9973900323084086e-01 ]
P1: !!opencv-matrix
   rows: 3
   cols: 4
   dt: d
   data: [ 1.2264102867895322e+03, 0., 6.4311649322509766e+02, 0., 0.,
       1.2264102867895322e+03, 4.7316119766235352e+02, 0., 0., 0., 1.,
       0. ]
P2: !!opencv-matrix
   rows: 3
   cols: 4
   dt: d
   data: [ 1.2264102867895322e+03, 0., 6.4311649322509766e+02,
       8.9821076368642043e+03, 0., 1.2264102867895322e+03,
       4.7316119766235352e+02, 0., 0., 0., 1., 0. ]
Q: !!opencv-matrix
   rows: 4
   cols: 4
   dt: d
   data: [ 1., 0., 0., -6.4311649322509766e+02, 0., 1., 0.,
       -4.7316119766235352e+02, 0., 0., 0., 1.2264102867895322e+03, 0.,
       0., -1.3653925519174601e-01, 0. ]
