%YAML:1.0
---
M1: !!opencv-matrix
   rows: 3
   cols: 3
   dt: d
   data: [ 1.4188865610371029e+03, 0., 6.9861978071051760e+02, 0.,
       1.4169177801836411e+03, 4.6508926192089962e+02, 0., 0., 1. ]
D1: !!opencv-matrix
   rows: 1
   cols: 14
   dt: d
   data: [ -2.1505278700500446e-01, 2.0390415804468591e+00, 0., 0., 0.,
       0., 0., 4.6375465754175318e+00, 0., 0., 0., 0., 0., 0. ]
M2: !!opencv-matrix
   rows: 3
   cols: 3
   dt: d
   data: [ 1.4188865610371029e+03, 0., 6.4329599784636741e+02, 0.,
       1.4169177801836411e+03, 4.8559277526991195e+02, 0., 0., 1. ]
D2: !!opencv-matrix
   rows: 1
   cols: 14
   dt: d
   data: [ 3.5102730877063913e-02, 1.1952540373686293e+00, 0., 0., 0.,
       0., 0., 1.8276881923869728e+00, 0., 0., 0., 0., 0., 0. ]
