%YAML:1.0
R: !!opencv-matrix
   rows: 3
   cols: 3
   dt: d
   data: [ 9.9618813762719782e-01, -1.6488910085549043e-02,
       8.5658101164139105e-02, 1.8861892992248427e-02,
       9.9945833513828730e-01, -2.6967857077490106e-02,
       -8.5167032610066778e-02, 2.8480733255898494e-02,
       9.9595954957498256e-01 ]
T: !!opencv-matrix
   rows: 3
   cols: 1
   dt: d
   data: [ -9.5639017538024646e+01, 4.4986038412722207e-01,
       8.7211493232809865e+00 ]
R1: !!opencv-matrix
   rows: 3
   cols: 3
   dt: d
   data: [ 9.9970681100035175e-01, -2.3688655622189945e-02,
       -5.0139439885770881e-03, 2.3619584301540777e-02,
       9.9963102516556601e-01, -1.3413752788167079e-02,
       5.3298477398241173e-03, 1.3291392750684186e-02,
       9.9989746054373863e-01 ]
R2: !!opencv-matrix
   rows: 3
   cols: 3
   dt: d
   data: [ 9.9585718141486224e-01, -4.6842460922291440e-03,
       -9.0810418251396699e-02, 5.8977270108806984e-03,
       9.9989681040423706e-01, 1.3099059490602255e-02,
       9.0739688342815539e-02, -1.3580367520087396e-02,
       9.9578204571957818e-01 ]
P1: !!opencv-matrix
   rows: 3
   cols: 4
   dt: d
   data: [ 2.8117164924600650e+02, 0., 1.8082995319366455e+02, 0., 0.,
       2.8117164924600650e+02, 1.2194039726257324e+02, 0., 0., 0., 1.,
       0. ]
P2: !!opencv-matrix
   rows: 3
   cols: 4
   dt: d
   data: [ 2.8117164924600650e+02, 0., 1.8082995319366455e+02,
       -2.7002848194787151e+04, 0., 2.8117164924600650e+02,
       1.2194039726257324e+02, 0., 0., 0., 1., 0. ]
Q: !!opencv-matrix
   rows: 4
   cols: 4
   dt: d
   data: [ 1., 0., 0., -1.8082995319366455e+02, 0., 1., 0.,
       -1.2194039726257324e+02, 0., 0., 0., 2.8117164924600650e+02, 0.,
       0., 1.0412666368293926e-02, 0. ]
