%YAML:1.0
---
R: !!opencv-matrix
   rows: 3
   cols: 3
   dt: d
   data: [ 9.9963879822203650e-01, -1.1362367567180844e-02,
       -2.4355075291832635e-02, 1.0393572023064462e-02,
       9.9916385123294982e-01, -3.9542028905219323e-02,
       2.4784001892429141e-02, 3.9274610024901652e-02,
       9.9892104705906959e-01 ]
T: !!opencv-matrix
   rows: 3
   cols: 1
   dt: d
   data: [ -8.4247966737934945e+00, 1.4993478238544744e-01,
       5.4614533998587678e-01 ]
R1: !!opencv-matrix
   rows: 3
   cols: 3
   dt: d
   data: [ 9.9560009216563916e-01, -3.1618978406849782e-02,
       -8.8208257460840780e-02, 2.9878808320417363e-02,
       9.9933333890187281e-01, -2.0979384466335196e-02,
       8.8812799151488098e-02, 1.8251519491311229e-02,
       9.9588110171000621e-01 ]
R2: !!opencv-matrix
   rows: 3
   cols: 3
   dt: d
   data: [ 9.9774806484878575e-01, -1.7756765506750746e-02,
       -6.4679953380018071e-02, 1.9024177811241331e-02,
       9.9963786253590092e-01, 1.9032194914444297e-02,
       6.4318580123548422e-02, -2.0219818579635944e-02,
       9.9772455075912470e-01 ]
P1: !!opencv-matrix
   rows: 3
   cols: 4
   dt: d
   data: [ 4.5355227114930159e+02, 0., 3.7211256217956543e+02, 0., 0.,
       4.5355227114930159e+02, 2.5305832099914551e+02, 0., 0., 0., 1.,
       0. ]
P2: !!opencv-matrix
   rows: 3
   cols: 4
   dt: d
   data: [ 4.5355227114930159e+02, 0., 3.7211256217956543e+02,
       -3.8297099237664038e+03, 0., 4.5355227114930159e+02,
       2.5305832099914551e+02, 0., 0., 0., 1., 0. ]
Q: !!opencv-matrix
   rows: 4
   cols: 4
   dt: d
   data: [ 1., 0., 0., -3.7211256217956543e+02, 0., 1., 0.,
       -2.5305832099914551e+02, 0., 0., 0., 4.5355227114930159e+02, 0.,
       0., 1.1842992816104637e-01, 0. ]
