%YAML:1.0
---
M1: !!opencv-matrix
   rows: 3
   cols: 3
   dt: d
   data: [ 4.9717106430206252e+02, 0., 3.1818056540268429e+02, 0.,
       5.0060697579394224e+02, 2.5310317672243795e+02, 0., 0., 1. ]
D1: !!opencv-matrix
   rows: 1
   cols: 14
   dt: d
   data: [ 1.7732287966745716e-01, -2.7709017573925859e-01, 0., 0., 0.,
       0., 0., -1.8890571782313983e-01, 0., 0., 0., 0., 0., 0. ]
M2: !!opencv-matrix
   rows: 3
   cols: 3
   dt: d
   data: [ 4.9717106430206252e+02, 0., 3.2304268608210975e+02, 0.,
       5.0060697579394224e+02, 2.5610038404447670e+02, 0., 0., 1. ]
D2: !!opencv-matrix
   rows: 1
   cols: 14
   dt: d
   data: [ 3.6435790376255706e-01, -1.1214191102234630e+00, 0., 0., 0.,
       0., 0., -1.2997240287551639e+00, 0., 0., 0., 0., 0., 0. ]
